3 593 2
4 39 2
12 167 5
16 475 2
19 219 3
24 830 3
25 871 4
27 766 3
31 6 2
32 930 3
33 941 6
34 58 9
38 9 1
40 319 5
45 1 2
48 637 1
56 46 1
58 126 2
60 666 3
61 441 2
63 853 1
74 196 3
78 854 5
80 436 2
81 358 2
82 61 4
83 18 1
92 54 1
98 332 4
100 86 1
102 471 2
105 667 5
106 386 1
108 364 4
110 30 2
112 456 1
116 461 4
120 243 1
121 585 3
122 71 1
128 39 1
129 500 2
134 26 1
137 392 3
138 278 4
140 131 2
141 101 1
144 182 2
146 87 1
147 129 3
148 9 1
150 220 2
155 263 1
156 117 3
161 266 2
162 47 2
163 120 3
166 395 7
167 11 1
168 729 3
170 91 5
171 107 1
172 229 1
173 643 1
174 14 2
175 629 5
177 73 1
178 44 1
180 1 1
184 72 1
185 350 2
186 181 2
191 96 2
192 883 3
193 414 1
194 387 1
195 159 2
198 109 1
201 316 1
202 702 2
203 989 2
206 26 1
207 922 2
210 100 4
212 328 2
213 149 1
214 302 2
215 819 2
217 64 2
219 94 1
221 133 1
224 275 3
226 468 3
227 285 1
229 132 1
230 702 2
231 95 1
232 161 4
233 739 3
234 20 2
235 266 1
237 50 1
238 104 1
240 434 6
242 132 1
243 66 1
244 976 3
246 786 1
248 103 2
252 545 3
253 98 10
255 118 1
257 267 6
258 268 1
259 249 1
260 570 3
261 702 2
262 592 7
263 84 1
264 258 2
265 279 2
266 94 1
267 255 1
268 172 1
269 550 3
271 884 2
272 143 1
273 624 4
274 533 2
275 43 1
276 441 2
278 392 3
280 907 2
282 139 1
284 23 2
285 216 1
286 742 2
287 28 3
289 255 4
290 220 1
291 842 6
292 600 1
293 18 1
294 694 2
296 711 1
297 697 1
299 200 3
301 855 3
302 99 2
303 488 4
304 624 5
305 514 3
306 990 2
307 424 2
308 259 1
309 676 1
310 51 1
313 146 2
314 706 2
316 157 1
318 621 2
320 809 3
321 386 1
324 954 1
327 547 2
328 319 1
329 150 7
330 298 1
333 139 1
335 593 1
336 413 1
337 52 1
338 960 4
339 706 2
340 141 1
341 463 3
342 311 2
343 816 2
344 242 1
345 174 2
346 323 1
348 235 1
349 337 3
350 88 2
351 241 3
352 182 1
353 562 3
356 769 5
358 686 1
361 39 2
363 121 5
364 618 1
366 99 3
367 698 6
369 99 2
371 456 1
370 89 2
372 251 1
375 157 2
376 505 3
377 899 2
379 738 1
380 592 3
382 371 4
383 491 1
384 221 1
385 944 3
386 76 1
387 136 1
388 290 1
390 499 3
391 398 1
392 462 2
393 55 1
395 88 1
398 44 1
399 816 1
397 765 1
401 23 3
402 164 1
403 326 1
404 268 2
405 28 4
406 918 2
408 114 1
409 259 3
410 88 4
411 813 1
412 142 1
413 266 1
414 89 1
417 282 1
416 478 1
418 91 1
420 337 2
423 735 2
419 389 1
424 279 1
425 203 4
427 790 2
426 157 1
428 8 3
429 298 1
431 512 1
432 224 3
434 643 1
430 228 1
436 93 1
437 472 2
439 277 2
440 415 3
442 350 2
443 638 5
441 241 1
444 298 7
446 69 2
447 256 1
449 59 1
452 127 1
451 819 3
456 42 1
457 312 1
460 380 5
459 37 1
461 200 3
462 860 1
463 114 1
465 344 1
464 288 1
466 827 4
467 212 2
468 424 2
471 143 1
472 469 1
473 6 3
474 165 1
477 109 1
479 813 1
480 254 1
478 222 1
481 742 4
483 675 2
484 142 2
485 225 2
487 351 3
489 21 2
491 151 1
492 465 1
493 255 1
494 148 1
495 954 1
497 141 1
496 17 1
498 454 3
501 136 1
502 53 1
504 755 4
505 237 1
507 312 3
510 744 1
512 22 1
513 899 3
514 125 1
515 36 2
516 414 1
518 567 2
519 46 2
520 200 3
521 391 1
523 736 4
526 243 4
525 153 2
527 522 2
530 275 1
531 348 2
528 407 1
532 486 1
533 378 1
534 295 2
537 288 1
536 470 1
538 822 3
539 104 1
542 721 3
540 524 1
544 685 3
543 841 4
545 229 1
547 450 1
549 239 4
551 247 2
548 435 1
550 205 1
552 123 2
553 618 2
554 942 3
555 62 3
556 490 3
559 346 2
558 145 1
557 402 1
560 333 2
568 570 2
562 475 1
566 400 1
567 359 1
569 647 2
565 448 1
570 643 1
571 308 1
572 660 4
573 212 4
575 608 2
574 79 1
577 488 1
578 192 4
580 428 3
579 183 3
581 94 1
582 325 1
584 530 2
583 801 3
585 71 3
586 726 1
590 567 1
587 130 1
588 2 1
589 209 1
592 16 2
591 382 6
593 218 1
595 490 3
594 187 1
596 208 1
597 258 5
601 305 5
599 512 1
598 50 3
600 119 1
602 182 1
603 835 2
607 530 4
605 88 1
604 343 3
608 302 2
609 51 2
612 524 4
611 535 1
613 250 1
610 250 1
615 545 2
614 38 1
616 85 3
617 317 2
619 130 2
620 381 2
618 28 1
621 57 2
622 112 1
623 458 1
624 628 3
625 300 2
627 820 1
628 441 1
626 354 1
629 8 1
630 5 2
632 567 2
631 421 1
633 107 1
636 354 3
634 199 1
638 177 2
635 964 3
637 35 1
639 503 2
640 482 2
642 139 5
644 881 1
641 852 2
643 41 1
646 644 2
645 388 4
647 132 2
648 596 1
651 346 4
652 71 2
650 85 1
649 355 2
653 195 2
654 904 1
656 378 2
655 69 5
657 621 2
659 478 2
658 508 3
661 711 1
660 176 2
663 364 5
662 806 2
667 623 2
664 322 1
666 97 2
665 90 2
669 315 1
668 522 1
671 524 1
672 478 3
670 383 1
678 277 2
676 118 1
675 445 1
679 533 2
682 959 2
681 190 1
677 422 1
683 739 1
684 421 1
687 832 3
688 382 4
689 475 1
686 126 1
690 433 2
691 271 3
692 176 3
693 760 3
694 58 2
695 75 2
698 350 2
697 169 1
701 102 3
702 699 1
699 576 1
700 14 1
704 37 2
703 331 2
708 752 2
709 950 5
705 415 1
707 907 1
710 497 3
713 104 1
714 11 3
712 197 1
711 115 1
715 362 1
717 439 2
716 68 1
719 223 2
720 364 1
721 76 3
724 931 4
722 751 3
718 93 1
723 167 1
725 669 1
727 227 1
726 547 1
730 433 3
732 57 3
731 96 2
729 57 1
733 718 1
734 246 4
735 360 1
736 753 2
737 94 2
738 296 1
740 909 2
739 29 1
741 49 2
743 277 1
742 124 2
745 55 1
744 391 1
746 102 2
748 873 5
750 354 1
747 357 1
749 365 2
753 475 2
754 7 1
752 23 1
756 859 3
755 438 1
758 567 2
757 476 2
760 119 1
759 511 2
761 535 2
762 275 2
763 632 5
764 402 3
765 18 1
766 59 2
767 565 1
768 127 2
770 844 1
769 117 1
772 485 2
771 95 1
774 243 3
775 818 3
773 13 2
776 858 6
779 43 1
780 852 4
778 909 4
782 205 6
781 706 1
783 477 8
784 85 1
785 8 5
786 68 1
787 188 2
789 558 3
788 626 1
792 534 4
791 820 1
793 248 3
790 500 1
794 506 1
795 88 2
797 189 1
796 563 1
799 158 1
801 704 2
800 160 2
803 323 3
802 237 2
804 59 1
806 374 1
805 564 2
808 347 1
807 135 1
809 962 2
810 633 1
811 256 3
812 711 1
813 258 1
814 498 3
816 51 1
817 832 2
818 298 2
819 760 1
821 752 1
820 521 1
824 106 2
822 373 2
825 157 4
823 20 1
826 28 2
828 44 1
829 13 2
827 529 1
830 236 2
835 181 2
833 162 2
832 777 2
834 211 1
836 188 2
837 21 1
839 31 8
838 281 3
840 177 1
842 13 2
843 21 1
845 654 2
844 247 1
846 10 1
847 65 1
848 828 7
849 570 5
850 184 1
852 379 1
851 245 2
856 323 2
853 43 1
854 225 2
855 664 1
857 330 1
861 788 5
862 378 1
859 671 3
860 297 1
858 481 5
863 791 1
864 618 3
865 667 2
867 736 3
866 791 3
868 798 1
872 560 4
874 754 5
871 673 3
875 767 1
873 455 1
876 815 2
877 869 1
878 334 1
879 606 1
884 26 1
880 477 3
883 158 1
882 70 1
881 188 1
888 553 3
885 283 1
886 763 5
887 196 1
889 535 3
890 684 2
891 160 4
894 726 1
892 546 1
893 561 1
896 567 1
895 127 1
899 146 2
898 794 1
897 0 1
900 149 7
901 728 3
902 898 1
903 751 1
906 61 6
904 476 1
905 394 1
907 229 1
909 476 1
910 472 1
908 696 1
913 117 2
915 208 1
912 914 1
911 870 2
914 77 1
918 541 1
917 680 2
916 5 1
920 599 2
921 919 2
919 685 2
922 396 1
923 699 2
924 462 1
925 85 1
928 667 2
931 843 1
930 67 2
929 905 2
933 550 2
934 962 5
936 747 2
932 113 2
935 271 2
938 86 2
937 926 1
940 175 7
939 111 1
942 650 1
943 354 1
944 798 2
941 15 1
945 583 3
946 869 1
948 387 3
947 179 1
950 395 3
949 677 2
951 422 1
952 380 3
953 48 1
954 213 1
956 593 2
955 184 1
957 153 1
959 28 1
958 499 1
960 927 1
961 209 4
962 395 2
964 254 3
966 659 4
963 152 1
969 956 5
967 517 1
965 784 2
968 100 1
970 674 2
973 148 1
975 678 2
971 332 2
974 377 4
972 154 1
976 204 1
977 111 1
978 728 1
979 725 1
980 606 1
981 364 1
983 660 2
982 416 1
984 270 1
986 344 3
987 796 1
989 321 1
988 368 2
990 435 1
985 453 2
991 779 7
992 231 1
994 711 2
993 841 2
995 831 1
996 26 1
997 203 3
998 285 5
999 509 2
6 478 2
973 686 1
46 86 3
92 391 2
30 928 3
652 337 2
128 272 2
884 754 2
131 43 4
340 371 2
833 547 3
723 216 1
171 71 2
840 102 3
828 883 1
45 492 2
850 102 2
186 566 2
96 354 2
149 180 2
217 500 3
384 383 2
992 348 1
713 587 2
120 68 2
793 502 3
676 167 1
571 530 2
155 726 2
746 844 2
520 382 4
369 158 2
426 318 3
311 799 2
559 436 2
602 989 1
251 904 2
501 953 1
745 475 3
395 916 1
403 540 3
408 194 1
412 52 2
414 290 1
307 546 2
228 117 2
718 250 1
628 744 1
69 463 2
256 143 3
804 350 2
895 676 1
456 178 1
507 760 5
801 812 2
288 816 1
910 957 1
854 730 3
491 492 1
496 198 1
502 254 2
514 796 2
36 895 2
407 0 3
274 557 2
534 38 3
536 359 2
894 340 2
549 487 4
435 408 2
123 376 4
595 929 3
555 420 3
558 816 1
952 647 3
400 330 2
565 398 2
359 907 1
79 52 2
488 119 2
183 636 4
325 323 2
619 686 2
588 358 2
589 243 2
335 66 2
187 494 2
596 540 1
292 992 2
889 727 4
613 336 1
317 419 3
981 530 1
381 630 3
458 478 2
750 853 1
629 330 2
199 743 3
953 397 1
643 946 3
355 195 4
925 5 2
508 375 5
983 595 3
665 454 3
60 561 4
522 474 2
979 561 2
483 967 2
190 194 2
949 456 3
686 222 1
690 482 2
75 205 3
697 216 1
174 786 2
923 725 2
331 806 2
712 442 3
223 251 3
657 639 2
360 953 2
29 855 2
741 588 2
742 902 2
747 362 1
365 978 3
754 76 1
23 219 2
511 447 3
769 438 1
773 342 2
706 165 2
790 87 2
506 984 1
987 937 2
797 898 3
883 429 1
160 846 2
374 213 2
564 154 4
807 84 2
347 532 2
234 653 2
529 594 2
236 227 3
817 71 3
211 530 2
843 550 2
838 298 3
770 826 2
10 391 2
847 99 2
245 7 3
944 744 3
673 187 4
455 29 3
815 905 3
869 397 2
334 247 3
980 963 2
644 362 2
885 754 1
196 882 2
893 738 1
897 277 1
751 822 2
909 300 2
905 744 1
908 46 3
870 328 3
77 70 2
917 341 4
541 623 2
916 237 1
921 720 3
922 716 1
930 91 2
932 938 2
926 769 2
977 546 1
941 705 1
947 397 2
957 333 1
499 892 2
927 608 2
152 51 2
517 228 2
970 890 2
971 668 2
972 255 1
204 469 2
901 764 3
984 431 1
988 531 2
985 57 3
841 568 3
831 66 2
509 435 3
414 66 2
558 213 2
862 964 3
652 599 2
617 944 4
981 686 2
814 945 4
827 106 2
690 349 3
167 765 1
657 251 3
644 992 2
386 95 1
769 198 2
522 478 2
500 615 3
894 855 2
486 36 4
653 659 3
21 143 2
852 323 2
634 84 3
903 160 2
909 379 2
212 215 3
914 169 2
925 589 2
831 566 2
418 939 2
968 117 3
939 596 1
415 896 2
976 670 2
684 161 2
984 436 2
964 912 3
953 566 2
563 561 2
883 28 2
546 837 2
758 588 2
