0 795 6
1 213 10
2 434 5
5 89 4
8 203 3
9 935 8
12 68 4
14 370 2
15 465 12
18 792 9
19 110 10
20 65 26
21 275 2
22 167 11
24 964 9
27 893 15
29 23 2
32 912 2
34 686 7
37 488 2
40 703 3
42 221 5
45 639 8
47 838 15
48 326 7
49 129 2
50 286 22
52 478 1
53 742 2
55 198 9
62 755 10
64 310 3
66 541 5
70 328 6
71 839 11
73 595 5
74 801 2
76 997 8
77 514 10
79 497 7
80 409 9
83 321 9
85 622 5
86 337 3
88 549 5
89 38 1
91 706 6
96 7 3
98 691 4
103 444 2
104 344 3
106 679 12
109 93 1
110 620 3
111 374 6
112 913 7
115 186 4
118 665 6
122 465 7
124 273 4
125 649 3
126 243 4
129 51 1
130 546 26
131 393 3
135 114 8
136 356 8
137 43 1
138 68 3
142 455 8
143 529 23
144 41 4
145 16 7
147 313 17
148 728 9
149 311 21
150 836 17
151 664 6
152 998 9
153 978 16
154 291 12
155 144 26
156 700 9
157 492 10
158 87 10
160 767 9
161 790 6
162 259 7
165 440 12
169 495 5
170 660 7
171 322 7
173 655 7
176 455 15
177 36 3
178 187 15
179 648 6
180 320 5
181 6 1
182 998 5
183 862 6
184 243 4
185 310 18
187 503 13
188 802 4
190 121 23
197 876 23
202 671 5
203 65 2
205 501 6
206 765 3
213 31 2
214 799 22
215 597 5
217 247 10
218 144 8
220 99 4
222 176 17
223 208 3
224 241 8
225 186 1
226 311 13
228 227 5
229 235 3
230 148 11
236 478 2
238 133 2
240 641 12
241 191 5
244 205 13
245 680 5
247 383 8
248 421 4
251 225 10
252 44 3
255 541 4
256 253 1
258 991 7
259 828 5
260 44 14
261 159 4
263 250 8
264 742 2
265 17 1
266 834 3
268 225 2
269 159 1
270 326 2
271 668 9
274 10 1
276 141 5
277 349 15
278 169 22
280 120 1
281 717 5
283 744 16
285 12 11
286 116 1
287 562 8
288 166 6
289 976 9
291 115 5
292 85 12
293 81 7
294 501 9
296 65 6
300 110 9
301 25 15
302 677 9
303 966 4
304 772 8
306 987 12
307 188 6
309 163 2
312 280 3
313 935 15
314 370 2
315 134 2
316 504 4
318 156 14
319 226 18
322 784 3
323 236 10
325 959 4
326 198 1
327 238 2
328 321 2
330 69 8
331 311 2
332 492 5
333 236 9
334 411 15
335 957 2
338 605 8
340 805 2
342 561 13
344 4 2
345 514 11
347 450 11
348 725 18
350 726 6
351 210 5
352 160 13
353 752 9
354 26 5
356 227 1
357 81 10
358 483 11
359 817 9
360 82 1
361 172 3
362 354 5
363 227 5
364 574 2
365 985 7
367 594 7
369 401 7
371 267 2
372 914 7
373 587 7
374 977 3
375 861 9
376 221 1
378 836 8
379 194 4
380 101 2
381 754 7
382 355 3
383 290 3
384 235 1
385 75 2
386 903 17
387 207 1
388 53 4
389 127 1
390 903 8
391 440 5
394 528 13
395 698 5
399 420 11
401 299 2
402 284 2
403 12 8
404 63 20
405 960 5
406 389 2
408 6 11
409 957 5
410 161 30
411 963 13
412 199 1
414 436 9
415 989 3
417 84 1
418 396 2
419 128 2
421 63 2
423 94 2
424 29 2
427 648 1
428 117 3
429 55 13
430 13 3
431 620 4
432 460 8
435 839 5
436 904 6
437 248 13
438 57 6
439 621 2
441 767 5
445 810 2
447 90 16
450 504 4
451 349 1
452 177 6
453 629 5
455 11 1
456 611 12
457 867 2
458 234 2
459 167 1
460 831 5
461 361 3
464 81 1
465 677 3
467 59 8
468 204 4
469 489 2
470 393 2
471 9 11
472 320 2
474 569 6
475 133 6
477 693 4
478 41 1
479 201 1
480 350 14
481 765 1
482 65 6
483 268 3
486 294 11
487 265 9
490 265 1
491 172 2
493 443 4
494 377 3
496 778 2
497 58 5
498 543 11
500 651 9
501 627 4
502 878 11
503 473 4
504 397 3
505 100 1
506 246 1
507 69 4
508 510 6
509 196 1
510 966 4
511 279 14
512 328 2
513 113 9
514 644 5
516 296 11
517 424 5
518 664 2
519 275 2
520 416 3
521 340 3
522 97 1
523 293 12
525 144 13
526 107 5
527 819 4
528 151 7
532 663 1
533 368 1
535 119 19
536 120 11
537 12 4
539 97 1
540 101 7
541 419 3
542 959 2
543 413 6
545 669 2
546 574 2
547 33 8
548 906 2
549 207 3
550 427 11
551 345 14
552 415 16
553 233 8
558 98 5
561 211 3
562 140 7
563 28 5
564 984 28
565 284 20
566 249 7
567 279 4
568 297 1
569 534 4
570 665 10
571 663 5
572 843 8
573 193 4
575 557 8
576 108 8
577 407 9
578 530 4
579 648 2
580 126 11
582 784 17
583 739 4
585 634 26
587 794 4
588 370 2
589 803 29
590 195 4
591 465 5
592 594 4
593 569 5
594 242 3
595 484 1
596 490 5
597 168 2
599 123 3
601 476 1
602 91 13
604 613 17
605 108 4
606 476 6
607 349 7
608 144 7
609 728 5
610 262 3
611 816 5
613 603 4
614 140 15
616 511 16
617 16 9
618 139 20
619 181 5
620 324 1
621 336 1
622 212 2
623 116 1
627 967 2
628 367 9
630 586 1
632 623 14
633 370 3
634 90 2
635 125 14
636 832 13
638 337 1
639 329 5
640 219 1
641 647 8
643 497 22
644 132 1
645 961 5
646 554 24
647 642 3
648 310 1
649 67 1
650 688 6
651 687 8
652 579 2
653 308 1
654 3 4
657 425 3
658 420 2
659 422 2
660 626 5
662 595 13
663 30 1
664 343 1
665 119 1
666 449 1
667 794 6
668 311 2
669 495 2
670 538 5
671 295 3
672 905 5
673 847 6
674 612 5
675 172 1
677 722 2
678 686 10
679 74 9
680 75 4
681 402 11
682 213 4
684 791 5
685 912 2
686 849 3
687 449 3
688 478 1
689 221 3
690 44 5
691 243 1
692 303 12
694 383 5
695 63 2
696 475 7
697 555 3
698 30 2
699 959 5
700 629 1
701 720 15
702 275 1
704 419 6
706 485 2
707 515 5
708 265 12
709 282 3
710 751 3
712 826 10
713 812 10
714 540 20
715 656 3
716 63 2
717 451 3
718 12 6
719 588 8
720 103 2
721 661 8
722 426 1
723 470 9
724 237 15
725 861 12
726 789 5
727 209 2
728 392 3
729 272 2
730 379 10
731 447 22
732 434 1
734 110 7
735 732 4
736 961 5
737 600 7
739 204 2
740 932 6
741 364 4
742 625 1
743 529 3
744 506 11
745 970 4
747 57 13
748 97 3
749 444 1
750 287 28
751 559 1
752 54 3
753 805 4
754 581 1
756 264 18
758 499 2
759 746 5
760 666 14
761 531 1
762 398 2
763 669 4
764 557 9
765 43 1
766 658 3
767 676 3
768 56 5
769 466 2
770 504 15
771 346 5
772 370 1
773 462 1
774 757 4
775 39 4
776 232 1
777 524 13
778 488 1
779 37 3
780 439 7
781 196 1
782 454 4
785 990 15
786 56 13
787 193 1
788 545 7
789 82 2
790 273 1
791 105 3
793 286 6
794 442 2
795 489 3
796 102 12
797 446 8
799 729 3
800 992 10
801 237 1
802 416 1
803 444 4
804 60 7
805 992 1
806 600 3
807 733 8
808 368 4
809 425 1
810 337 2
811 846 13
812 434 8
813 945 18
814 282 9
815 297 13
817 169 6
818 415 14
820 529 17
821 625 14
822 728 9
823 135 10
824 934 8
825 655 5
826 859 2
827 7 9
828 792 3
830 172 6
831 463 3
832 250 4
833 615 6
834 72 1
835 819 1
836 687 4
837 897 5
838 475 14
839 798 2
840 298 4
841 139 7
842 268 6
843 661 1
844 662 17
845 554 4
848 624 26
846 783 9
849 688 1
850 649 1
851 913 3
852 508 6
853 829 1
854 189 1
856 341 3
858 706 6
857 729 4
859 324 1
860 304 9
861 711 1
862 631 3
863 343 11
868 36 3
866 95 2
867 46 2
865 249 4
869 231 10
872 24 11
870 947 4
871 440 4
874 644 2
875 774 13
876 835 2
877 40 16
878 105 1
880 57 11
879 239 4
881 491 10
883 305 10
884 738 6
885 855 3
886 25 5
887 433 2
888 518 3
889 35 2
890 801 6
891 784 1
892 95 8
894 578 7
893 625 12
895 462 31
896 701 23
900 67 8
899 612 3
901 426 7
902 499 11
906 518 2
903 61 6
904 317 3
905 140 5
907 666 5
910 428 13
909 908 4
911 676 6
914 140 7
912 78 1
913 174 1
915 964 2
918 544 3
916 492 1
919 151 9
920 524 4
921 907 8
922 959 7
923 239 6
924 584 8
925 164 2
926 637 10
927 355 7
928 418 5
929 7 7
930 427 10
931 177 3
933 481 1
932 346 3
934 506 5
935 387 1
936 601 1
937 743 5
938 393 13
939 227 3
940 257 3
941 816 2
942 7 3
943 703 1
944 216 7
945 873 7
946 852 17
947 847 3
948 137 3
949 474 10
952 833 12
951 575 10
950 630 1
953 231 2
954 400 5
955 522 2
958 901 7
959 10 2
956 693 1
957 683 1
960 897 1
963 648 1
961 377 1
962 366 9
964 556 1
965 427 1
966 705 1
967 489 1
968 128 1
969 925 4
971 200 4
970 339 4
972 615 11
973 254 1
974 862 9
975 146 3
976 421 4
977 624 1
979 677 4
978 448 2
980 882 4
981 917 2
982 192 4
984 463 6
985 360 6
983 898 2
986 674 5
988 748 25
987 64 10
989 442 1
990 175 2
991 755 2
993 676 22
992 574 1
995 418 15
994 864 2
996 201 20
997 598 1
998 560 1
999 92 3
38 37 5
942 186 7
109 545 8
129 2 11
138 849 5
617 569 10
158 379 10
868 741 7
190 587 26
213 528 7
99 840 7
186 272 5
133 887 6
241 981 6
690 40 10
256 180 8
312 571 6
793 179 7
288 526 13
163 181 4
315 970 7
4 29 3
351 255 7
354 371 10
939 223 6
267 328 6
379 297 4
101 857 7
927 925 10
549 64 7
406 269 6
401 367 10
402 685 5
412 520 5
84 664 6
928 215 6
94 491 5
428 262 9
430 976 4
57 262 7
11 349 6
458 788 10
459 415 7
467 161 11
393 395 6
479 264 9
443 968 9
79 855 13
503 669 6
504 364 5
505 180 5
507 630 8
781 141 6
513 419 9
955 360 5
526 700 12
543 451 9
33 88 9
233 369 17
211 732 3
28 544 6
567 258 15
557 628 10
577 382 10
578 332 6
195 808 5
592 282 6
484 592 6
215 435 6
601 630 3
338 123 9
610 326 3
859 888 3
439 619 6
212 21 3
630 331 2
639 982 6
640 717 3
132 542 3
427 376 3
850 8 4
653 772 7
654 298 9
420 4 4
532 229 3
118 656 7
836 412 6
669 506 2
538 862 9
671 540 8
184 361 4
555 110 5
700 81 2
282 297 4
656 371 6
727 916 6
392 75 5
434 328 2
204 269 4
529 742 6
720 337 3
710 677 6
581 388 11
499 265 3
746 9 25
531 385 5
762 866 7
676 876 5
56 29 6
769 54 3
588 716 3
757 101 9
39 415 8
776 472 2
454 823 12
193 262 6
102 403 14
797 203 9
801 478 4
802 773 2
804 831 11
600 236 4
733 339 13
657 314 5
463 964 4
832 273 4
972 939 14
834 748 9
819 702 2
839 272 3
840 462 4
139 687 10
661 992 4
845 383 5
783 606 11
853 642 6
854 433 6
341 360 5
711 593 6
183 389 7
95 597 7
46 459 8
249 780 8
391 668 14
791 321 8
879 423 7
305 832 12
884 184 12
855 765 4
886 603 6
887 422 3
35 795 4
322 706 5
612 767 6
61 977 7
436 445 8
672 886 7
909 321 5
32 343 3
112 512 9
916 810 5
918 603 5
920 726 14
584 538 10
925 135 8
637 802 12
932 496 9
940 792 8
816 453 7
703 248 4
216 989 12
873 655 9
947 90 6
953 518 13
954 991 8
693 515 6
957 242 9
897 32 3
366 788 13
645 363 6
964 422 3
966 54 6
489 488 2
128 664 2
970 831 5
200 626 8
254 636 14
975 505 5
977 481 4
448 490 8
882 142 9
981 545 3
982 593 5
898 868 10
415 144 6
175 120 8
755 245 8
574 90 3
864 561 10
598 841 10
998 270 7
92 478 11
6 977 7
23 732 6
276 325 7
108 294 11
57 356 7
132 451 5
648 228 6
698 843 4
473 588 7
243 533 5
453 749 7
814 861 9
728 587 7
406 805 6
479 867 9
103 186 6
591 356 7
769 182 8
314 691 5
100 14 6
236 8 6
666 717 6
124 950 4
911 912 6
857 328 5
554 843 7
647 450 6
97 855 8
485 970 6
613 65 8
164 476 9
162 857 8
873 654 10
515 518 9
488 793 9
912 499 6
660 392 8
885 311 5
569 215 6
521 434 3
221 30 6
695 835 7
68 474 7
790 118 7
964 470 7
151 717 6
909 717 6
